int_loop_energy_dict["11dg"] = deque([
	# A A
	# T T
	[
		12.9,1.5,10.7,1.5,
		10.4,14.7,10.4,-1.6,
		1.8,1.5,1.6,1.5,
		10.4,3.5,10.4,-4.8,
	],
	# A C
	# T G
	[
		10.0,10.9,8.9,10.9,
		4.1,12.8,4.1,1.3,
		4.5,10.9,-5.0,10.9,
		4.1,11.6,4.1,0.5,
	],
	# A G
	# T C
	[
		5.0,3.9,-6.3,3.9,
		5.3,2.6,5.3,-4.9,
		-2.2,3.9,-9.9,3.9,
		5.3,-12.3,5.3,-7.5,
	],
	# A T
	# T A
	[
		4.9,9.8,7.1,9.8,
		9.8,7.5,9.8,4.3,
		7.1,9.8,4.1,9.8,
		9.8,4.3,9.8,5.7,
	],
	# C A
	# G T
	[
		10.0,13.2,11.3,13.2,
		9.6,5.9,9.6,0.1,
		6.9,13.2,-1.1,13.2,
		9.6,3.0,9.6,0.7,
	],
	# C C
	# G G
	[
		-0.6,4.6,1.3,4.6,
		9.3,7.5,9.3,1.9,
		3.9,4.6,-0.9,4.6,
		9.3,0.5,9.3,2.1,
	],
	# C G
	# G C
	[
		4.0,5.1,6.1,5.1,
		5.1,4.1,5.1,1.6,
		6.1,5.1,0.1,5.1,
		5.1,1.6,5.1,-2.7,
	],
	# C T
	# G A
	[
		5.0,5.3,-2.2,5.3,
		3.9,2.6,3.9,-12.3,
		-6.3,5.3,-9.9,5.3,
		3.9,-4.9,3.9,-7.5,
	],
	# G A
	# C T
	[
		-1.4,13.2,11.3,13.2,
		4.2,12.9,4.2,-0.4,
		6.9,13.2,3.4,13.2,
		4.2,3.7,4.2,-10.0,
	],
	# G C
	# C G
	[
		2.6,3.9,2.4,3.9,
		3.9,6.0,3.9,-0.6,
		2.4,3.9,-2.8,3.9,
		3.9,-0.6,3.9,0.3,
	],
	# G G
	# C C
	[
		-0.6,9.3,3.9,9.3,
		4.6,7.5,4.6,0.5,
		1.3,9.3,-0.9,9.3,
		4.6,1.9,4.6,2.1,
	],
	# G T
	# C A
	[
		10.0,4.1,4.5,4.1,
		10.9,12.8,10.9,11.6,
		8.9,4.1,-5.0,4.1,
		10.9,1.3,10.9,0.5,
	],
	# T A
	# A T
	[
		12.1,14.3,11.9,14.3,
		14.3,17.4,14.3,2.5,
		11.9,14.3,8.4,14.3,
		14.3,2.5,14.3,6.2,
	],
	# T C
	# A G
	[
		-1.4,4.2,6.9,4.2,
		13.2,12.9,13.2,3.7,
		11.3,4.2,3.4,4.2,
		13.2,-0.4,13.2,-10.0,
	],
	# T G
	# A C
	[
		10.0,9.6,6.9,9.6,
		13.2,5.9,13.2,3.0,
		11.3,9.6,-1.1,9.6,
		13.2,0.1,13.2,0.7,
	],
	# T T
	# A A
	[
		12.9,10.4,1.8,10.4,
		1.5,14.7,1.5,3.5,
		10.7,10.4,1.6,10.4,
		1.5,-1.6,1.5,-4.8,
	],
])
